4.278895
2.116888
1.293195
0.774501
0.578737
0.449088
0.388636
0.345807
0.422473
8.407868
4.922247
2.189328
1.579177
1.380818
0.888810
0.591938
0.668882
0.616773
12.983090
6.791004
3.564325
2.367745
1.638825
1.345450
0.727472
0.864847
0.818125
17.663112
8.946171
4.530185
3.162547
2.410232
1.774564
1.027671
1.123053
1.147001
20.329271
10.398698
5.910881
3.683228
2.731153
2.144434
1.219337
1.302533
1.229404
26.183340
12.639333
7.278899
4.717243
3.273600
2.691507
1.732860
1.832376
1.737422
30.810864
15.573780
7.791796
5.102634
3.733648
3.105220
1.654545
1.663548
1.722121
32.591321
19.490153
8.585032
5.384751
5.026196
3.467917
1.969034
1.928512
2.105919
36.743709
19.621309
10.064259
5.233042
4.833430
3.658998
2.255856
1.825121
2.191123
40.738739
21.387428
10.886535
6.813723
4.897782
4.171545
2.319075
2.214372
2.401786
6.062789
12.321045
18.180667
24.676473
29.246413
34.878119
40.726686
50.393590
55.519222
64.664871
