101.133155
47.911065
51.248810
46.871382
31.251631
10.168500
17.773143
25.933893
20.273943
9.560837
6.402852
11.340339
11.018958
9.240973
10.216729
9.389748
7.626075
8.248864
7.368876
6.604641
3.784577
3.841735
10.282970
7.607720
7.214561
8.520826
6.848444
6.188133
6.633250
6.717785
6.266283
6.577586
5.306862
4.435063
3.442547
2.591234
5.208320
6.234879
6.934061
5.881439
4.951203
4.569897
5.041059
4.810046
4.126366
3.678580
3.935128
3.479776
3.825987
3.522366
3.819256
3.916389
3.756194
4.039705
4.157534
3.353058
3.009064
2.329504
2.513699
3.415345
3.655396
3.766391
3.791739
3.778683
3.691718
4.220775
3.629924
4.154211
4.561758
3.466535
4.157252
3.904172
3.841227
3.746072
3.688683
3.553399
3.949770
3.575379
3.669573
3.858842
3.188486
3.553603
3.426447
3.570220
3.717847
2.844462
2.877288
3.320863
3.142540
3.815894
3.251813
3.786361
3.861361
3.844432
3.650837
4.326568
3.742629
3.643109
3.476853
3.963918
3.734187
4.229938
3.537854
3.459180
3.416839
3.369510
3.355427
3.193981
3.377124
3.287804
3.245026
4.042791
3.360868
3.268632
3.260056
3.549384
2.813176
2.931834
4.150989
3.422321
3.534906
3.731433
4.277095
4.014019
4.390617
4.085277
4.103160
3.708122
3.740911
4.920986
3.669896
3.676756
3.804533
3.766066
3.604969
3.806005
4.141435
4.287812
3.423030
4.094025
3.622313
3.754628
3.288031
3.872131
3.374318
3.134491
3.771885
3.455469
3.714331
5.047407
3.565814
4.503317
4.587861
3.913582
3.996475
4.228952
4.096042
3.776479
4.220438
3.959530