145.465870
73.161488
49.039412
36.995193
29.802868
24.970111
21.476904
18.983796
18.614213
17.892638
16.607343
15.463856
14.283743
13.426119
12.765427
16.308098
15.399231
14.831058
13.959960
13.695079
13.288317
13.549451
13.660814
13.401119
13.101840
13.302171
14.174040
13.834302
14.004156
12.611873
12.092925
12.948420
12.961539
12.846740
13.245293
12.711143
12.470203
12.914708
12.532164
13.019644
12.676678
12.294510
12.462896
12.825677
13.394278
13.349009
12.962735
12.979200
14.044501
13.377950
13.528529
13.283932
13.267387
14.325244
14.319961
12.863908
13.788729
13.482688
13.556679
14.001336
14.196434
13.601563
14.434354
13.859662
14.085188
13.946998
14.301306
13.435672
13.493705
13.746063
14.133450
13.680187
13.358113
13.478403
13.469296
13.440280
13.225105
13.376438
12.901786
13.246086
13.525561
13.356327
13.713358
13.595665
13.566558
13.227866
13.435584
14.126198
14.012452
13.676553
12.798645
12.876226
13.722075
12.779050
13.226393
13.510528
12.643669
12.602321
12.970384
13.603100
12.870149
13.068066
13.401103
13.215274
13.247872
13.724093
13.923379
13.932667
12.953188
12.877544
13.576450
13.720811
13.688409
13.170363
13.044735
12.921102
13.213608
13.250530
13.267070
14.588465
13.602940
13.296470
12.903669
12.322458
12.595163
12.420321
13.178986
12.350405
13.685422
12.548263
13.019975
12.386493
12.441375
12.229641
12.576149
12.839849
13.007294
12.314868
12.608975
12.451853
12.888559
12.377366
13.514199
12.541673
13.041372
12.432108
12.460949
12.627613
12.495916
13.209491
12.230857
12.407457
12.347906
12.281797
12.337418
12.353136
13.010002
12.221211
12.437442
12.499757